Heat Capacity wrt Temp (rows) from 100to 1500 by Mu (col) from -0.5 to 0.5.
-5.20113e-09	-2.31161e-09	5.03263e-05	0.000699782	0.00361436	0.0120759	0.0270475	0.0478731	0.0742694	0.106554	0.136852	0.160453	0.187823	0.213659	0.235656	0.261375	0.267747	0.279021	0.288792	0.293932	0.302382	0.300666	0.297238	0.293019	0.297944	0.296554	0.297009	0.287606	0.295655	
2.864e-08	4.21598e-05	0.000717769	0.00450271	0.0173251	0.0381315	0.0722929	0.106803	0.149752	0.183312	0.211972	0.242348	0.251563	0.278685	0.284884	0.287672	0.284952	0.295199	0.275617	0.284796	0.284068	0.280188	0.266303	0.265089	0.260535	0.268151	0.257858	0.249922	0.253053	
1.32798e-07	0.000567686	0.00716848	0.0282135	0.0690958	0.116651	0.162995	0.208873	0.226718	0.256563	0.270458	0.265559	0.275903	0.27145	0.273476	0.258758	0.257529	0.250146	0.243392	0.247657	0.239236	0.235496	0.230386	0.2241	0.214305	0.214203	0.217431	0.20479	0.204186	
0.000369555	0.0121947	0.0561574	0.126623	0.193941	0.23728	0.256643	0.264191	0.270631	0.250478	0.236606	0.231965	0.216845	0.209727	0.210048	0.203532	0.197313	0.193453	0.187937	0.187631	0.183864	0.182409	0.178565	0.169752	0.177011	0.168766	0.164252	0.164402	0.160711	
0.0390064	0.172679	0.242959	0.25259	0.233149	0.191902	0.181555	0.1665	0.153231	0.139285	0.144193	0.135803	0.13949	0.133398	0.133015	0.135702	0.136025	0.134782	0.134071	0.135102	0.138156	0.132852	0.131506	0.13026	0.134027	0.130089	0.130647	0.130133	0.128546	
0.0823339	0.0396436	0.0262309	0.0261493	0.0313282	0.0408477	0.0502998	0.0604095	0.0676192	0.0778452	0.0806996	0.0875095	0.0922699	0.0979886	0.101576	0.10074	0.102953	0.104414	0.108857	0.106542	0.110783	0.109165	0.108053	0.107818	0.108384	0.106321	0.106432	0.108234	0.108286	
4.44766	0.242768	0.401772	0.231465	0.257333	0.425052	0.224217	0.19168	0.170459	0.161473	0.155876	0.145643	0.14079	0.140137	0.134132	0.132296	0.126314	0.120327	0.121066	0.116263	0.116542	0.112276	0.111823	0.110395	0.104622	0.103103	0.10095	0.0989916	0.0961804	
13.1538	0.0220079	0.0666729	0.117451	0.161737	0.198868	0.242013	0.304137	0.417644	0.738044	0.751623	0.450253	0.352552	0.287402	0.280661	0.236365	0.214056	0.193892	0.179002	0.168746	0.156749	0.147412	0.133008	0.122837	0.118237	0.118809	0.110215	0.106467	0.0988291	
0.936257	0.0049403	0.0115535	0.0320761	0.0615525	0.420971	0.135043	0.184472	0.245168	0.343538	0.480365	0.740975	1.46728	0.761702	0.531132	0.440265	0.34985	0.315392	0.273527	0.242411	0.21056	0.194349	0.170152	0.162995	0.14835	0.137367	0.124123	0.115886	0.109294	
65.3907	0.1393	0.0156441	0.0194558	2.86878	0.0352831	0.0687116	0.110059	0.16751	0.242959	0.354778	0.514178	0.676641	1.40886	1.11848	0.670784	0.541706	0.429416	0.36456	0.30278	0.273507	0.230946	0.214069	0.184072	0.164854	0.15515	0.138261	0.128551	0.116949	
1.52657e-08	-1.74122e-08	0.000158403	0.0015433	0.00736827	0.0206385	0.0449937	0.0849616	0.139326	0.208548	0.318202	0.403917	0.634402	0.909113	1.2399	0.742493	0.616442	0.463212	0.41339	0.335423	0.296071	0.25371	0.225277	0.191713	0.181449	0.164267	0.148313	0.131274	0.119165	
33.2655	4.24941	1.50531	0.00515855	0.0156894	0.0348622	0.0652652	0.108933	0.163326	0.240652	0.337715	0.494782	0.758505	1.30618	0.937959	0.719067	0.530854	0.436163	0.361023	0.312186	0.275138	0.239895	0.208939	0.181596	0.167303	0.152065	0.13748	0.126679	0.119568	
0.011892	0.00473466	0.0114876	0.0318334	0.0637445	0.0998987	0.144798	0.193722	0.252705	0.343275	0.486387	2.02798	1.31749	0.717983	0.55969	0.440323	0.358795	0.315169	0.274417	0.23313	0.210521	0.190724	0.171343	0.159836	0.148613	0.136358	0.126946	0.117777	0.110265	
4.28772	0.243766	0.0637457	0.115683	0.166381	0.196302	0.238203	0.295246	0.421926	0.669495	0.749776	0.400114	0.34435	0.30899	0.262967	0.234653	0.221138	0.197009	0.172603	0.162542	0.151403	0.1406	0.136657	0.127287	0.121973	0.114867	0.110892	0.0999647	0.101572	
5.11813	0.542159	0.258433	0.226128	0.273506	0.376256	0.22075	0.185294	0.175628	0.154437	0.154707	0.14747	0.143467	0.132284	0.134889	0.133531	0.129752	0.124912	0.122674	0.113949	0.116604	0.109409	0.10923	0.109954	0.104967	0.108439	0.100751	0.100716	0.0971927	
0.081276	0.0401918	0.0258846	0.025419	0.0315179	0.0403601	0.0512794	0.0592691	0.0681956	0.0758147	0.0811298	0.0876271	0.092364	0.0951375	0.100421	0.100838	0.106356	0.110807	0.108128	0.109654	0.10973	0.110032	0.108402	0.108714	0.105382	0.103971	0.108574	0.104318	0.106718	
0.0384833	0.157918	0.23932	0.257426	0.22987	0.200714	0.179858	0.170345	0.154202	0.148155	0.142546	0.13917	0.134825	0.13292	0.134196	0.134428	0.135025	0.133567	0.134788	0.133306	0.135479	0.133624	0.13313	0.137856	0.131747	0.129446	0.134211	0.125671	0.128796	
0.000516785	0.0121443	0.0602916	0.125569	0.190172	0.23851	0.268611	0.265514	0.252252	0.24902	0.235496	0.234729	0.226341	0.209603	0.2095	0.199009	0.200147	0.187205	0.184184	0.185556	0.185388	0.188114	0.177787	0.180464	0.167503	0.169103	0.171224	0.164596	0.166959	
6.70284e-06	0.000463971	0.00646727	0.0280289	0.068228	0.114906	0.166398	0.209403	0.232853	0.249211	0.273147	0.271581	0.260084	0.265099	0.264988	0.265926	0.253755	0.249636	0.253336	0.237716	0.2432	0.23307	0.232123	0.223719	0.222966	0.221597	0.215326	0.211692	0.20711	
4.88717e-06	2.75674e-05	0.000742413	0.0046899	0.0170911	0.0389493	0.0676937	0.106669	0.147433	0.184478	0.211937	0.235805	0.2489	0.263821	0.285542	0.278272	0.28847	0.299196	0.283881	0.281733	0.285719	0.2794	0.275052	0.283034	0.266611	0.262097	0.254929	0.253167	0.24903	
5.29138e-06	2.29985e-06	4.87939e-05	0.000771402	0.0035861	0.0110032	0.0254842	0.0461068	0.0737525	0.105537	0.13527	0.163069	0.19177	0.215379	0.238598	0.246406	0.270959	0.278576	0.29203	0.282312	0.286462	0.303056	0.299579	0.296682	0.298774	0.303675	0.285905	0.295561	0.285816	
